pept_1_score_48	g5641.t1	100.000	0	2.0	21.6	100	100
pept_1_score_48	g15153.t1	100.000	0	2.1	21.6	100	100
pept_2_score_65	g5641.t1	100.000	0	1.5	21.9	100	100
pept_2_score_65	g12562.t1	88.889	1	3.3	20.8	100	100
pept_2_score_65	g5616.t1	88.889	1	6.7	20.0	100	100
pept_2_score_65	g15153.t1	77.778	2	7.5	20.0	100	100
pept_3_score_54	g5641.t1	100.000	0	0.26	24.6	100	100
pept_4_score_39	g5641.t1	100.000	0	0.053	26.2	100	100
pept_4_score_39	g12562.t1	72.727	3	1.6	21.9	100	100
pept_4_score_39	g5616.t1	72.727	3	3.1	21.2	100	100
pept_4_score_39	g702.t1	63.636	4	3.7	21.2	100	100
pept_4_score_39	g15153.t1	63.636	4	5.4	20.4	100	100
pept_5_score_59	g13530.t1	100.000	0	0.002	30.8	100	100
pept_6_score_84	g13530.t1	100.000	0	6.14e-04	32.0	100	100
pept_7_score_84	g14472.t1	100.000	0	0.002	30.8	100	100
pept_8_score_81	g4106.t1	100.000	0	2.00e-06	39.3	100	100
pept_8_score_81	g7861.t1	62.500	6	0.65	23.5	89	89
pept_8_score_81	g4970.t1	57.143	6	8.8	20.4	78	78
pept_9_score_81	g10513.t1	100.000	0	0.003	30.0	100	100
pept_9_score_81	g11806.t1	66.667	5	3.9	21.2	100	100
pept_9_score_81	g16318.t1	66.667	5	4.9	21.2	100	100
pept_9_score_81	g16368.t1	66.667	5	5.2	20.8	100	100
pept_10_score_56	g3428.t1	100.000	0	0.055	26.2	100	100
pept_10_score_56	g11513.t1	87.500	1	8.3	20.0	73	73
pept_11_score_48	g3428.t1	100.000	0	0.11	25.4	100	100
pept_12_score_44	g5616.t1	100.000	0	0.42	23.9	100	100
pept_13_score_48	g5616.t1	100.000	0	0.026	27.3	100	100
pept_13_score_48	g12562.t1	100.000	0	0.052	26.6	92	92
pept_13_score_48	g5443.t1	91.667	1	0.094	25.8	100	100
pept_13_score_48	g5502.t1	91.667	1	0.14	25.0	100	100
pept_13_score_48	g15153.t1	90.909	1	0.21	24.6	92	92
pept_13_score_48	g5503.t1	91.667	1	0.28	24.3	100	100
pept_13_score_48	g5467.t1	100.000	0	1.3	22.3	75	75
pept_13_score_48	g5641.t1	72.727	3	3.0	21.6	92	92
pept_14_score_48	g5641.t1	100.000	0	2.0	21.6	100	100
pept_14_score_48	g15153.t1	100.000	0	2.1	21.6	100	100
pept_15_score_40	g15153.t1	100.000	0	0.19	24.6	100	100
pept_15_score_40	g12562.t1	80.000	2	0.95	22.7	100	100
pept_15_score_40	g5641.t1	80.000	2	1.1	22.3	100	100
pept_15_score_40	g5616.t1	80.000	2	1.4	21.9	100	100
pept_15_score_40	g5503.t1	80.000	2	5.4	20.4	100	100
pept_15_score_40	g5502.t1	80.000	2	6.6	20.0	100	100
pept_16_score_40	g5510.t1	100.000	0	0.32	23.9	100	100
pept_17_score_54	g12510.t1	100.000	0	0.16	25.0	100	100
pept_19_score_37	g5237.t1	100.000	0	0.004	29.6	100	100
pept_20_score_113	g12510.t1	100.000	0	3.47e-07	41.6	100	100
pept_20_score_113	g11320.t1	66.667	4	4.1	21.6	67	67
pept_20_score_113	g8312.t1	61.538	5	5.6	21.2	72	72
pept_21_score_73	g12510.t1	100.000	0	1.49e-09	48.5	100	100
pept_21_score_73	g5927.t1	56.250	7	2.4	22.3	73	73
pept_21_score_73	g8100.t1	56.250	7	9.9	20.8	73	73
pept_22_score_61	g5641.t1	100.000	0	2.0	21.6	100	100
pept_22_score_61	g15153.t1	100.000	0	2.1	21.6	100	100
pept_23_score_43	g5641.t1	100.000	0	1.5	21.9	100	100
pept_23_score_43	g12562.t1	88.889	1	3.3	20.8	100	100
pept_23_score_43	g5616.t1	88.889	1	6.7	20.0	100	100
pept_23_score_43	g15153.t1	77.778	2	7.5	20.0	100	100
pept_24_score_44	g12562.t1	100.000	0	1.00	22.3	100	100
pept_24_score_44	g5502.t1	100.000	0	1.0	22.3	100	100
pept_24_score_44	g5641.t1	100.000	0	1.2	22.3	100	100
pept_24_score_44	g5503.t1	100.000	0	1.2	22.3	100	100
pept_24_score_44	g1285.t1	100.000	0	1.2	22.3	100	100
pept_24_score_44	g15153.t1	100.000	0	1.3	22.3	100	100
pept_24_score_44	g5616.t1	88.889	1	2.3	21.6	100	100
pept_24_score_44	g12388.t1	88.889	1	4.9	20.4	100	100
pept_24_score_44	g5467.t1	88.889	1	5.3	20.4	100	100
pept_25_score_39	g5641.t1	100.000	0	0.26	24.6	100	100
pept_26_score_61	g5641.t1	100.000	0	2.0	21.6	100	100
pept_26_score_61	g15153.t1	100.000	0	2.1	21.6	100	100
pept_27_score_49	g15153.t1	100.000	0	0.19	24.6	100	100
pept_27_score_49	g12562.t1	80.000	2	0.95	22.7	100	100
pept_27_score_49	g5641.t1	80.000	2	1.1	22.3	100	100
pept_27_score_49	g5616.t1	80.000	2	1.4	21.9	100	100
pept_27_score_49	g5503.t1	80.000	2	5.4	20.4	100	100
pept_27_score_49	g5502.t1	80.000	2	6.6	20.0	100	100
pept_28_score_44	g12562.t1	100.000	0	1.00	22.3	100	100
pept_28_score_44	g5502.t1	100.000	0	1.0	22.3	100	100
pept_28_score_44	g5641.t1	100.000	0	1.2	22.3	100	100
pept_28_score_44	g5503.t1	100.000	0	1.2	22.3	100	100
pept_28_score_44	g1285.t1	100.000	0	1.2	22.3	100	100
pept_28_score_44	g15153.t1	100.000	0	1.3	22.3	100	100
pept_28_score_44	g5616.t1	88.889	1	2.3	21.6	100	100
pept_28_score_44	g12388.t1	88.889	1	4.9	20.4	100	100
pept_28_score_44	g5467.t1	88.889	1	5.3	20.4	100	100
pept_29_score_95	g4106.t1	100.000	0	2.00e-06	39.3	100	100
pept_29_score_95	g7861.t1	62.500	6	0.65	23.5	89	89
pept_29_score_95	g4970.t1	57.143	6	8.8	20.4	78	78
pept_30_score_65	g5616.t1	100.000	0	0.42	23.9	100	100
pept_31_score_51	g5616.t1	100.000	0	0.026	27.3	100	100
pept_31_score_51	g12562.t1	100.000	0	0.052	26.6	92	92
pept_31_score_51	g5443.t1	91.667	1	0.094	25.8	100	100
pept_31_score_51	g5502.t1	91.667	1	0.14	25.0	100	100
pept_31_score_51	g15153.t1	90.909	1	0.21	24.6	92	92
pept_31_score_51	g5503.t1	91.667	1	0.28	24.3	100	100
pept_31_score_51	g5467.t1	100.000	0	1.3	22.3	75	75
pept_31_score_51	g5641.t1	72.727	3	3.0	21.6	92	92
pept_32_score_42	g15484.t1	100.000	0	0.46	23.5	100	100
pept_33_score_43	g15484.t1	100.000	0	0.31	24.3	100	100
pept_34_score_54	g15484.t1	100.000	0	9.59e-06	37.4	100	100
pept_34_score_54	g11960.t1	53.846	6	3.5	21.6	72	72
pept_35_score_38	g702.t1	100.000	0	0.47	23.5	100	100
pept_37_score_41	g10514.t1	100.000	0	0.97	22.7	100	100
pept_37_score_41	g2203.t1	77.778	2	8.4	19.6	90	90
pept_38_score_51	g10514.t1	100.000	0	0.60	23.1	100	100
pept_39_score_45	g12562.t1	100.000	0	0.82	22.7	100	100
pept_40_score_44	g12562.t1	100.000	0	1.00	22.3	100	100
pept_40_score_44	g5502.t1	100.000	0	1.0	22.3	100	100
pept_40_score_44	g5641.t1	100.000	0	1.2	22.3	100	100
pept_40_score_44	g5503.t1	100.000	0	1.2	22.3	100	100
pept_40_score_44	g1285.t1	100.000	0	1.2	22.3	100	100
pept_40_score_44	g15153.t1	100.000	0	1.3	22.3	100	100
pept_40_score_44	g5616.t1	88.889	1	2.3	21.6	100	100
pept_40_score_44	g12388.t1	88.889	1	4.9	20.4	100	100
pept_40_score_44	g5467.t1	88.889	1	5.3	20.4	100	100
pept_41_score_49	g3428.t1	100.000	0	0.055	26.2	100	100
pept_41_score_49	g11513.t1	87.500	1	8.3	20.0	73	73
pept_42_score_45	g3679.t1	100.000	0	0.046	26.6	100	100
pept_43_score_42	g5237.t1	100.000	0	0.004	29.6	100	100
